a 784-10-10 network with 7960 weights
options were - softmax modelling 
-------------------------------Train set prediction results-------------
           
predresults   0   1   2   3   4   5   6   7   8   9
          0 182   0  37   5   6  27   8   3   4   4
          1   0 253  25   9   5   2  20   7  13  14
          2   0   1  17   1   1   7   9   0   9   0
          3   1   1  44 164   1  74   3   7  66  14
          4   2   0   8   3 159   3   1   5   3  93
          5   1   0   0   0   0   0   0   0   0   0
          6   1   0  41   3   9   3 146   0   2   2
          7   5   0   4   1   3  31   1 154   5  28
          8   0   0   3  23   0   5   0   0  74   5
          9   6   0   3   2  11  14   0  16  18  59
--------------------------Time taken--------------------------------------
[1] "Training time in secs:"
   user  system elapsed 
111.258   0.214 111.600 
[1] "---"
[1] "Prediction time in secs:"
   user  system elapsed 
  0.038   0.005   0.044 
[1] "---"
------------Confusion matrix for train dataset------------------------
Confusion Matrix and Statistics

           
predresults   0   1   2   3   4   5   6   7   8   9
          0 182   0  37   5   6  27   8   3   4   4
          1   0 253  25   9   5   2  20   7  13  14
          2   0   1  17   1   1   7   9   0   9   0
          3   1   1  44 164   1  74   3   7  66  14
          4   2   0   8   3 159   3   1   5   3  93
          5   1   0   0   0   0   0   0   0   0   0
          6   1   0  41   3   9   3 146   0   2   2
          7   5   0   4   1   3  31   1 154   5  28
          8   0   0   3  23   0   5   0   0  74   5
          9   6   0   3   2  11  14   0  16  18  59

Overall Statistics
                                          
               Accuracy : 0.604           
                 95% CI : (0.5822, 0.6255)
    No Information Rate : 0.1275          
    P-Value [Acc > NIR] : < 2.2e-16       
                                          
                  Kappa : 0.5578          
 Mcnemar's Test P-Value : NA              

Statistics by Class:

                     Class: 0 Class: 1 Class: 2 Class: 3 Class: 4 Class: 5 Class: 6 Class: 7 Class: 8 Class: 9
Sensitivity            0.9192   0.9922  0.09341   0.7773   0.8154   0.0000   0.7766   0.8021   0.3814   0.2694
Specificity            0.9478   0.9456  0.98460   0.8821   0.9346   0.9995   0.9663   0.9569   0.9801   0.9607
Pos Pred Value         0.6594   0.7270  0.37778   0.4373   0.5740   0.0000   0.7053   0.6638   0.6727   0.4574
Neg Pred Value         0.9907   0.9988  0.91560   0.9711   0.9791   0.9170   0.9766   0.9785   0.9365   0.9145
Prevalence             0.0990   0.1275  0.09100   0.1055   0.0975   0.0830   0.0940   0.0960   0.0970   0.1095
Detection Rate         0.0910   0.1265  0.00850   0.0820   0.0795   0.0000   0.0730   0.0770   0.0370   0.0295
Detection Prevalence   0.1380   0.1740  0.02250   0.1875   0.1385   0.0005   0.1035   0.1160   0.0550   0.0645
Balanced Accuracy      0.9335   0.9689  0.53900   0.8297   0.8750   0.4997   0.8715   0.8795   0.6808   0.6151
---------------------------------------------------------------------
=====================ROC value================================
Area under the curve: 0.7195
---------------------------------------------------------------------
-------------------------------Test set prediction results-------------
[1] "Prediction time in secs:"
   user  system elapsed 
  0.180   0.059   0.241 
[1] "---"
------------Confusion matrix for test dataset------------------------
Confusion Matrix and Statistics

           
predresults    0    1    2    3    4    5    6    7    8    9
          0  921    0  250   43   14   97  139   13   27   19
          1    0 1111  108   38   70   24   62   32   84   69
          2    1    5   79    9   10   33   24    2   52    0
          3    7   18  268  790    2  347   25   83  327   73
          4    1    0   47    9  766   17   10   32   19  447
          5    0    0    0    0    0    1    0    0    0    0
          6    0    1  197    4   55   30  696    1   16    8
          7   35    0   23   18    3  196    0  771   37  101
          8    2    0   13   87    0   39    0    5  321    6
          9   13    0   47   12   62  108    2   89   91  286

Overall Statistics
                                          
               Accuracy : 0.5742          
                 95% CI : (0.5644, 0.5839)
    No Information Rate : 0.1135          
    P-Value [Acc > NIR] : < 2.2e-16       
                                          
                  Kappa : 0.526           
 Mcnemar's Test P-Value : NA              

Statistics by Class:

                     Class: 0 Class: 1 Class: 2 Class: 3 Class: 4 Class: 5 Class: 6 Class: 7 Class: 8 Class: 9
Sensitivity            0.9398   0.9789  0.07655   0.7822   0.7800 0.001121   0.7265   0.7500   0.3296   0.2834
Specificity            0.9333   0.9451  0.98483   0.8721   0.9355 1.000000   0.9655   0.9540   0.9832   0.9528
Pos Pred Value         0.6047   0.6952  0.36744   0.4072   0.5682 1.000000   0.6905   0.6512   0.6786   0.4028
Neg Pred Value         0.9930   0.9971  0.90261   0.9727   0.9750 0.910891   0.9709   0.9708   0.9315   0.9222
Prevalence             0.0980   0.1135  0.10320   0.1010   0.0982 0.089200   0.0958   0.1028   0.0974   0.1009
Detection Rate         0.0921   0.1111  0.00790   0.0790   0.0766 0.000100   0.0696   0.0771   0.0321   0.0286
Detection Prevalence   0.1523   0.1598  0.02150   0.1940   0.1348 0.000100   0.1008   0.1184   0.0473   0.0710
Balanced Accuracy      0.9365   0.9620  0.53069   0.8271   0.8578 0.500561   0.8460   0.8520   0.6564   0.6181
---------------------------------------------------------------------
=====================ROC value================================
Area under the curve: 0.6824
---------------------------------------------------------------------
