-------------------------------Train set prediction results-------------
           
predresults   0   1   2   3   4   5   6   7   8   9
          0 184   2   3   2   2   3   1   3   4   2
          1   1 188   2   0   1   0   2   1   0   2
          2   2   3 184   2   0   0   2   5   8   1
          3   2   1   1 179   1   3   2   0   2   0
          4   2   0   2   0 177   1   2   0   4   4
          5   1   0   2   3   4 150   2   1   8   0
          6   4   1   8   0   2   3 214   2   3   4
          7   0   1   0   3   0   0   0 168   3   3
          8   6   6   3   3   0   3   0   1 182   5
          9   2   1   1   2   6   2   3   5   3 183
--------------------------Time taken--------------------------------------
[1] "Training time in secs:"
   user  system elapsed 
103.568   0.531 104.115 
[1] "---"
[1] "Prediction time in secs:"
   user  system elapsed 
  0.133   0.009   0.142 
[1] "---"
------------Confusion matrix for train dataset------------------------
Confusion Matrix and Statistics

           
predresults   0   1   2   3   4   5   6   7   8   9
          0 184   2   3   2   2   3   1   3   4   2
          1   1 188   2   0   1   0   2   1   0   2
          2   2   3 184   2   0   0   2   5   8   1
          3   2   1   1 179   1   3   2   0   2   0
          4   2   0   2   0 177   1   2   0   4   4
          5   1   0   2   3   4 150   2   1   8   0
          6   4   1   8   0   2   3 214   2   3   4
          7   0   1   0   3   0   0   0 168   3   3
          8   6   6   3   3   0   3   0   1 182   5
          9   2   1   1   2   6   2   3   5   3 183

Overall Statistics
                                         
               Accuracy : 0.9045         
                 95% CI : (0.8908, 0.917)
    No Information Rate : 0.114          
    P-Value [Acc > NIR] : < 2.2e-16      
                                         
                  Kappa : 0.8938         
 Mcnemar's Test P-Value : NA             

Statistics by Class:

                     Class: 0 Class: 1 Class: 2 Class: 3 Class: 4 Class: 5 Class: 6 Class: 7 Class: 8 Class: 9
Sensitivity            0.9020   0.9261   0.8932   0.9227   0.9171   0.9091   0.9386   0.9032   0.8387   0.8971
Specificity            0.9878   0.9950   0.9872   0.9934   0.9917   0.9886   0.9848   0.9945   0.9849   0.9861
Pos Pred Value         0.8932   0.9543   0.8889   0.9372   0.9219   0.8772   0.8880   0.9438   0.8708   0.8798
Neg Pred Value         0.9889   0.9917   0.9877   0.9917   0.9912   0.9918   0.9920   0.9901   0.9805   0.9883
Prevalence             0.1020   0.1015   0.1030   0.0970   0.0965   0.0825   0.1140   0.0930   0.1085   0.1020
Detection Rate         0.0920   0.0940   0.0920   0.0895   0.0885   0.0750   0.1070   0.0840   0.0910   0.0915
Detection Prevalence   0.1030   0.0985   0.1035   0.0955   0.0960   0.0855   0.1205   0.0890   0.1045   0.1040
Balanced Accuracy      0.9449   0.9606   0.9402   0.9580   0.9544   0.9488   0.9617   0.9489   0.9118   0.9416
---------------------------------------------------------------------
=====================ROC value================================
Area under the curve: 0.8979
---------------------------------------------------------------------
-------------------------------Test set prediction results-------------
           
predresults   0   1   2   3   4   5   6   7   8   9
          0 655   6  27  18  27  48  16  36  33  17
          1  14 888  52  27  15  19  26  22  47  14
          2  30  35 556  53  12  19  30  37  41  12
          3  41  26  92 634  25  76  14  55  88  28
          4  16  15  18  17 566  25  54  41  48 127
          5  45  34  28  95  69 482  46  40 107  30
          6  62  19  61   9  60  32 699  21  46  27
          7  51  41  71  48  16  38  28 552  43  50
          8  39  58  75  64  45 114  22  52 475  55
          9  27  13  52  45 147  39  23 172  46 649
[1] "Prediction time in secs:"
   user  system elapsed 
  0.445   0.085   0.530 
[1] "---"
------------Confusion matrix for test dataset------------------------
Confusion Matrix and Statistics

           
predresults   0   1   2   3   4   5   6   7   8   9
          0 655   6  27  18  27  48  16  36  33  17
          1  14 888  52  27  15  19  26  22  47  14
          2  30  35 556  53  12  19  30  37  41  12
          3  41  26  92 634  25  76  14  55  88  28
          4  16  15  18  17 566  25  54  41  48 127
          5  45  34  28  95  69 482  46  40 107  30
          6  62  19  61   9  60  32 699  21  46  27
          7  51  41  71  48  16  38  28 552  43  50
          8  39  58  75  64  45 114  22  52 475  55
          9  27  13  52  45 147  39  23 172  46 649

Overall Statistics
                                         
               Accuracy : 0.6156         
                 95% CI : (0.606, 0.6251)
    No Information Rate : 0.1135         
    P-Value [Acc > NIR] : < 2.2e-16      
                                         
                  Kappa : 0.5728         
 Mcnemar's Test P-Value : < 2.2e-16      

Statistics by Class:

                     Class: 0 Class: 1 Class: 2 Class: 3 Class: 4 Class: 5 Class: 6 Class: 7 Class: 8 Class: 9
Sensitivity            0.6684   0.7824   0.5388   0.6277   0.5764   0.5404   0.7296   0.5370   0.4877   0.6432
Specificity            0.9747   0.9734   0.9700   0.9505   0.9600   0.9458   0.9627   0.9570   0.9419   0.9373
Pos Pred Value         0.7418   0.7900   0.6739   0.5876   0.6106   0.4939   0.6747   0.5885   0.4755   0.5350
Neg Pred Value         0.9644   0.9722   0.9481   0.9579   0.9541   0.9546   0.9711   0.9475   0.9446   0.9590
Prevalence             0.0980   0.1135   0.1032   0.1010   0.0982   0.0892   0.0958   0.1028   0.0974   0.1009
Detection Rate         0.0655   0.0888   0.0556   0.0634   0.0566   0.0482   0.0699   0.0552   0.0475   0.0649
Detection Prevalence   0.0883   0.1124   0.0825   0.1079   0.0927   0.0976   0.1036   0.0938   0.0999   0.1213
Balanced Accuracy      0.8215   0.8779   0.7544   0.7891   0.7682   0.7431   0.8462   0.7470   0.7148   0.7902
---------------------------------------------------------------------
=====================ROC value================================
Area under the curve: 0.7643
---------------------------------------------------------------------
